3,2
3,1
3,3
10,9
10,271
10,29
10,275
10,141
10,87
10,145
10,267
8,15
8,2
8,3
359,4
359,3
359,2
359,1
359,0
349,4
349,3
349,2
349,1
349,0
344,3
344,2
344,1
344,0
20,3
20,2
20,1
19,3
19,2
19,1
17,3
17,2
17,1
16,3
16,2
16,1
15,3
15,2
15,1
14,2
13,2
12,3
12,2
12,1
11,28
11,27
11,26
11,25
11,24
11,23
11,22
11,21
11,20
11,19
11,18
11,17
11,16
11,15
11,14
11,13
11,12
11,11
11,10
11,9
11,8
11,7
11,6
11,5
11,4
11,3
11,2
18,1
11,1
18,3
10,303
10,301
10,300
10,299
10,298
10,297
10,296
14,1
10,295
14,3
10,294
13,1
10,293
13,3
10,292
10,291
10,290
10,289
10,288
10,287
10,286
10,284
10,282
10,281
10,280
10,279
10,278
10,277
10,276
10,259
10,239
10,229
